20241114.026	0.0		0.0
20241114.025	1000		-500
20241114.027	0.0		0.0
20241114.028	0.0		0.0
20241114.029	0.0		0.0
20241114.030	0.0		0.0
20241114.031	1000		-500
20241114.035	1000		-500
20241114.036	1000		-500
20241114.037	0.0		0.0
20241119.010	1000		-500
20241119.043	0.0		0.0
20241119.056	1000		-500
20241119.059	0.0		0.0
20241119.062	0.0		0.0
20241119.065	0.0		0.0
20241119.068	0.0		0.0
20241119.072	0.0		0.0
20241119.074	0.0		0.0
20241119.075	0.0		0.0
20241119.079	0.0		0.0
20241119.083	0.0		0.0
20241120.007	1000		-500
20241120.008	1000		-500
20241120.009	0.0		0.0
20241120.010	0.0		0.0
20241120.012	0.0		0.0
20241120.015	0.0		0.0
20241120.016	0.0		0.0
20241120.017	0.0		0.0
20241120.018	0.0		0.0
20241120.019	0.0		0.0
20241120.020	0.0		0.0
20241120.021	0.0		0.0
20241120.022	0.0		0.0
20241120.025	0.0		0.0
20241120.026	0.0		0.0
20241120.027	0.0		0.0
20241120.028	0.0		0.0
20241120.029	0.0		0.0
20241120.033	1000		-500
20241120.036	0.0		0.0
20241120.037	0.0		0.0
20241120.038	0.0		0.0
20241120.039	0.0		0.0
20241120.040	1000		-500
20241120.041	0.0		0.0
20241120.042	0.0		0.0
20241120.044	0.0		0.0
20241120.045	0.0		0.0
20241120.047	0.0		0.0
20241120.048	0.0		0.0
20241120.052	0.0		0.0
20241120.054	0.0		0.0
20241120.055	0.0		0.0
20241120.057	0.0		0.0
20241120.058	0.0		0.0
20241120.060	0.0		0.0
20241120.061	0.0		0.0
20241120.065	1000		-500
20241121.009	1000		-500
20241121.019	0.0		0.0
20241121.020	1000		-500
20241121.023	1000		-500
20241121.024	1000		-500
20241121.026	0.0		0.0
20241121.027	0.0		0.0
20241121.028	0.0		0.0
20241121.030	0.0		0.0
20241121.031	0.0		0.0
20241121.032	1000		-500
20241121.034	0.0		0.0
20241121.035	0.0		0.0
20241121.036	0.0		0.0
20241121.038	0.0		0.0
20241121.039	0.0		0.0
20241121.040	1000		-500
20241121.043	1000		-500
20241121.071	0.0		0.0
20241121.072	0.0		0.0
20241126.041	1000		-500
20241126.043	1000		-500
20241126.046	1000		-500
20241126.047	0.0		0.0
20241126.048	0.0		0.0
20241126.053	0.0		0.0
20241126.054	0.0		0.0
20241126.055	0.0		0.0
20241126.057	0.0		0.0
20241126.058	0.0		0.0
20241126.059	0.0		0.0
20241126.062	0.0		0.0
20241126.064	0.0		0.0
20241126.065	0.0		0.0
20241126.070	0.0		0.0
20241126.071	0.0		0.0
20241126.072	0.0		0.0
20241126.073	0.0		0.0
20241126.074	0.0		0.0
20241127.052	0.0		0.0
20241127.055	0.0		0.0
20241127.058	0.0		0.0
20241127.061	0.0		0.0
20241127.062	0.0		0.0
20241127.063	0.0		0.0
20241127.064	0.0		0.0
20241127.066	0.0		0.0
20241127.067	0.0		0.0
20241127.070	0.0		0.0
20241127.076	0.0		0.0
20241127.077	0.0		0.0
20241127.078	0.0		0.0
20241127.081	0.0		0.0
20241128.012	0.0		0.0
20241128.015	0.0		0.0
20241128.016	0.0		0.0
20241128.017	0.0		0.0
20241128.018	0.0		0.0
20241128.021	0.0		0.0
20241128.028	0.0		0.0
20241128.031	0.0		0.0
20241128.032	1000		-500
20241128.041	0.0		0.0
20241128.042	0.0		0.0
20241128.043	0.0		0.0
20241128.046	1000		-500
20241203.076	1000		-500
20241203.080	1000		-500
20241204.007	1000		-500
20241204.009	1000		-500
20241204.010	1000		-500
20241204.011	0.0		0.0
20250313.081	0.0		0.0
20250318.040	0.0		0.0
20250318.052	0.0		0.0
20250318.053	0.0		0.0
20250318.054	0.0		0.0
20250318.061	0.0		0.0
20250318.071	0.0		0.0
20250319.010	1000		-500
20250319.011	0.0		0.0
20250319.013	0.0		0.0
20250319.014	0.0		0.0
20250319.015	0.0		0.0
20250319.017	0.0		0.0
20250319.031	0.0		0.0
20250319.032	1000		-500
20250319.044	1000		-500
20250319.052	1000		-500
20250319.053	1000		-500
20250319.057	1000		-500
20250319.071	0.0		0.0
20250319.073	0.0		0.0
20250319.074	0.0		0.0
20250319.075	0.0		0.0
20250320.022	0.0		0.0
20250320.024	0.0		0.0
20250320.025	0.0		0.0
20250320.034	0.0		0.0
20250325.069	1000		-500
20250325.081	0.0		0.0
20250325.082	0.0		0.0
20250325.083	0.0		0.0
20250325.086	0.0		0.0
20250325.108	0.0		0.0
20250325.110	0.0		0.0
20250325.112	0.0		0.0
20250326.082	0.0		0.0
20250326.086	0.0		0.0
20250327.019	0.0		0.0
20250327.020	0.0		0.0
20250327.042	1000		-500
20250327.061	0.0		0.0
20250327.062	0.0		0.0
20250401.025	1000		-500
20250401.026	1000		-500
20250401.027	1000		-500
20250401.028	1000		-500
20250401.032	1000		-500
20250401.047	1000		-500
20250401.050	1000		-500
20250401.053	1000		-500
20250401.054	1000		-500
20250401.055	0.0		0.0
20250401.056	1000		-500
20250401.057	0.0		0.0
20250401.058	1000		-500
20250401.059	1000		-500
20250401.060	1000		-500
20250401.061	1000		-500
20250401.063	0.0		0.0
20250401.066	1000		-500
20250401.082	1000		-500
20250402.053	1000		-500
20250402.066	1000		-500
20250402.072	1000		-500
20250402.088	1000		-500
20250402.090	1000		-500
20250409.013	0.0		0.0
20250409.048	1000		-500
20250409.050	1000		-500
20250409.051	1000		-500
20250409.052	1000		-500
20250409.054	1000		-500
20250409.055	1000		-500
20250409.056	0.0		0.0
20250409.057	0.0		0.0
20250409.058	0.0		0.0
20250409.061	0.0		0.0
20250409.063	0.0		0.0
20250409.065	0.0		0.0
20250409.068	1000		-500
20250409.069	1000		-500
20250409.070	0.0		0.0
20250409.071	0.0		0.0
20250409.072	0.0		0.0
20250409.075	0.0		0.0
20250409.076	0.0		0.0
20250409.086	1000		-500
20250409.087	0.0		0.0
20250409.088	0.0		0.0
20250409.090	0.0		0.0
20250409.091	1000		-500
20250409.097	1000		-500
20250415.033	1000		-500
20250415.037	1000		-500
20250415.051	0.0		0.0
20250415.079	0.0		0.0
20250415.084	0.0		0.0
20250415.085	0.0		0.0
20250416.009	1000		-500
20250416.037	1000		-500
20250416.038	0.0		0.0
20250416.039	0.0		0.0
20250416.041	1000		-500
20250416.042	1000		-500
20250416.044	1000		-500
20250416.045	1000		-500
20250416.047	1000		-500
20250416.048	1000		-500
20250416.049	1000		-500
20250416.050	1000		-500
20250416.051	0.0		0.0
20250416.052	0.0		0.0
20250416.053	1000		-500
20250416.054	1000		-500
20250416.055	0.0		0.0
20250416.056	0.0		0.0
20250416.057	0.0		0.0
20250416.058	1000		-500
20250416.059	1000		-500
20250416.067	0.0		0.0
20250416.068	0.0		0.0
20250416.069	0.0		0.0
20250416.071	0.0		0.0
20250416.072	0.0		0.0
20250416.073	0.0		0.0
20250416.075	0.0		0.0
20250416.076	0.0		0.0
20250416.082	1000		-500
20250416.083	1000		-500
20250416.086	1000		-500
20250416.087	1000		-500
20250416.088	1000		-500
20250416.089	1000		-500
20250416.090	1000		-500
20250416.091	1000		-500
20250416.092	1000		-500
20250416.093	1000		-500
20250416.094	1000		-500
20250416.095	1000		-500
20250416.097	1000		-500
20250416.098	1000		-500
20250416.099	1000		-500
20250416.100	1000		-500
20250416.101	1000		-500
20250416.102	1000		-500
20250416.103	0.0		0.0
20250416.104	0.0		0.0
20250416.105	0.0		0.0
20250416.106	0.0		0.0
20250416.107	0.0		0.0
20250416.108	0.0		0.0
20250416.109	0.0		0.0
20250416.110	0.0		0.0
20250416.111	0.0		0.0
20250416.112	0.0		0.0
20250416.113	0.0		0.0
20250416.114	0.0		0.0
20250416.115	0.0		0.0
20250416.116	0.0		0.0
20250416.117	0.0		0.0
20250416.118	0.0		0.0
20250416.119	0.0		0.0
20250416.120	0.0		0.0
20250416.121	0.0		0.0
20250416.122	0.0		0.0
20250416.123	0.0		0.0
20250416.124	0.0		0.0
20250416.125	0.0		0.0
20250416.126	0.0		0.0
20250416.127	0.0		0.0
20250416.128	0.0		0.0
20250416.133	0.0		0.0
20250416.134	1000		-500
20250416.135	1000		-500
20250416.136	1000		-500
20250416.137	1000		-500
20250416.138	1000		-500
20250416.139	1000		-500
20250416.140	1000		-500
20250423.018	0.0		0.0
20250423.041	0.0		0.0
20250423.044	0.0		0.0
20250423.055	0.0		0.0
20250423.056	0.0		0.0
20250423.057	0.0		0.0
20250423.058	0.0		0.0
20250423.059	0.0		0.0
20250423.060	0.0		0.0
20250423.061	0.0		0.0
20250423.062	1000		-500
20250423.063	1000		-500
20250424.007	0.0		0.0
20250424.008	0.0		0.0
20250424.028	0.0		0.0
20250424.041	0.0		0.0
20250424.042	0.0		0.0
20250424.044	0.0		0.0
20250424.045	0.0		0.0
20250424.046	1000		-500
20250424.047	1000		-500
20250424.048	1000		-500
20250429.063	0.0		0.0
20250429.064	0.0		0.0
20250429.066	0.0		0.0
20250429.067	0.0		0.0
20250429.068	0.0		0.0
20250429.070	0.0		0.0
20250429.071	0.0		0.0
20250429.073	0.0		0.0
20250429.074	0.0		0.0
20250429.075	0.0		0.0
20250429.077	0.0		0.0
20250429.078	0.0		0.0
20250429.079	0.0		0.0
20250429.080	0.0		0.0
20250429.081	0.0		0.0
20250429.082	0.0		0.0
20250429.085	0.0		0.0
20250429.086	0.0		0.0
20250429.087	0.0		0.0
20250429.088	0.0		0.0
20250429.089	0.0		0.0
20250429.090	0.0		0.0
20250429.091	0.0		0.0
20250429.092	0.0		0.0
20250429.093	0.0		0.0
20250506.012	0.0		0.0
20250506.013	0.0		0.0
20250506.014	0.0		0.0
20250506.016	1000		-500
20250506.018	0.0		0.0
20250506.021	1000		-500
20250506.022	1000		-500
20250506.023	1000		-500
20250506.024	1000		-500
20250506.026	0.0		0.0
20250506.027	0.0		0.0
20250506.028	0.0		0.0
20250506.029	0.0		0.0
20250506.030	0.0		0.0
20250506.031	0.0		0.0
20250506.032	0.0		0.0
20250506.033	0.0		0.0
20250506.034	0.0		0.0
20250506.035	0.0		0.0
20250506.036	0.0		0.0
20250506.059	0.0		0.0
20250506.061	0.0		0.0
20250506.062	0.0		0.0
20250506.063	0.0		0.0
20250506.065	0.0		0.0
20250506.066	0.0		0.0
20250506.067	0.0		0.0
20250506.078	0.0		0.0
20250506.079	0.0		0.0
20250506.081	0.0		0.0
20250506.082	0.0		0.0
20250507.064	1000		-500
20250507.065	1000		-500
20250507.066	1000		-500
20250507.067	1000		-500
20250507.068	1000		-500
20250507.069	1000		-500
20250507.072	1000		-500
20250507.073	1000		-500
20250508.050	1000		-500
20250508.051	1000		-500
20250508.052	1000		-500
20250508.053	1000		-500
20250508.054	1000		-500
20250508.055	1000		-500
20250508.056	1000		-500
20250508.058	1000		-500
20250508.059	1000		-500
20250508.060	1000		-500
20250513.057	1000		-500
20250513.065	1000		-500
20250515.062	0.0		0.0
20250520.032	0.0		0.0
20250520.040	0.0		0.0
20250520.041	0.0		0.0
20250520.042	0.0		0.0
20250521.014	0.0		0.0
20250521.026	0.0		0.0
20250521.052	0.0		0.0
20250521.062	0.0		0.0
20250521.063	0.0		0.0
20250521.064	0.0		0.0
20250521.065	0.0		0.0
20250521.069	0.0		0.0
20250521.070	0.0		0.0
20250521.071	0.0		0.0
20250521.072	0.0		0.0
20250521.074	0.0		0.0
20250521.075	0.0		0.0
20250514.016	1000		-500
20250520.035	0.0		0.0
20250520.036	0.0		0.0
20250520.037	0.0		0.0
20250520.038	0.0		0.0
20250520.039	0.0		0.0
20241008.046	1000		-500
20241015.047	0.0		0.0
20241015.049	0.0		0.0
20241015.051	0.0		0.0
20241015.054	1000		-500
20241015.056	1000		-500
20241015.058	1000		-500
20241015.060	1000		-500
20241015.062	0.0		0.0
20241015.065	0.0		0.0
20241105.016	1000		-500
20241105.022	1000		-500
20241105.024	1000		-500
20241105.027	1000		-500
20241105.028	1000		-500
20241105.029	1000		-500
20241105.030	1000		-500
20241105.031	1000		-500
20241105.032	1000		-500
20241105.033	1000		-500
20241105.034	1000		-500
20241105.035	0.0		0.0
20241105.036	0.0		0.0
20241105.037	1000		-500
20241105.038	1000		-500
20241105.041	1000		-500
20241105.043	1000		-500
20241105.060	0.0		0.0
20241105.061	0.0		0.0
20241119.017	0.0		0.0
20241119.019	0.0		0.0
20241119.024	0.0		0.0
20241119.061	0.0		0.0
20241119.064	0.0		0.0
20241119.067	0.0		0.0
20241119.071	1000		-500
20241121.044	1000		-500
20241121.065	0.0		0.0
20241121.066	0.0		0.0
20241121.067	0.0		0.0
20241121.069	0.0		0.0
20241126.031	1000		-500
20241126.034	1000		-500
20241126.035	1000		-500
20241126.036	1000		-500
20241126.037	1000		-500
20241126.038	1000		-500
20241126.040	1000		-500
20241127.019	0.0		0.0
20241128.009	0.0		0.0
20241128.010	0.0		0.0
20241128.011	0.0		0.0
20241128.013	0.0		0.0
20241128.014	0.0		0.0
20241128.020	0.0		0.0
20241128.029	0.0		0.0
20241128.033	1000		-500
20241128.036	0.0		0.0
20241128.040	0.0		0.0
20241128.049	0.0		0.0
20241128.054	0.0		0.0
20241128.069	0.0		0.0
20241128.081	0.0		0.0
20241210.014	0.0		0.0
20241210.018	0.0		0.0
20241210.021	0.0		0.0
20241210.032	1000		-500
20241210.048	0.0		0.0
20241210.052	0.0		0.0
20241210.053	0.0		0.0
20241210.057	0.0		0.0
20241210.058	0.0		0.0
20241210.061	1000		-500
20241210.077	0.0		0.0
20250409.082	1000		-500
20250409.083	1000		-500
20250409.085	1000		-500
20250508.065	1000		-500
20250508.066	1000		-500
20250508.067	1000		-500
20250508.068	1000		-500
20250508.069	1000		-500
20250508.082	1000		-500
20250508.083	1000		-500
20250508.094	1000		-500
20250508.096	1000		-500
20250508.097	1000		-500
20250508.098	1000		-500
20250508.099	1000		-500
20250508.100	1000		-500
20250513.023	0.0		0.0
20250513.026	0.0		0.0
20250513.029	0.0		0.0
20250513.032	0.0		0.0
20250513.037	0.0		0.0
20250513.041	0.0		0.0
20250513.044	0.0		0.0
20250514.011	1000		-500
20250514.012	1000		-500
20250514.013	1000		-500
20250514.014	1000		-500
20250514.015	1000		-500
20250514.017	1000		-500
20250514.018	1000		-500
20250514.019	1000		-500
20250514.020	1000		-500
20250514.021	1000		-500
20250514.022	1000		-500
20250514.023	1000		-500
20250514.024	1000		-500
20250514.025	1000		-500
20250514.026	1000		-500
20250514.027	1000		-500
20250514.029	1000		-500
20250514.030	1000		-500
20250514.032	1000		-500
20250514.033	1000		-500
20250514.034	1000		-500
20250514.035	1000		-500
20250514.037	1000		-500
20250514.038	1000		-500
20250514.040	0.0		0.0
20250514.041	0.0		0.0
20250514.042	0.0		0.0
20250514.047	0.0		0.0
20250514.048	0.0		0.0
20250514.049	0.0		0.0
20250514.051	0.0		0.0
20250514.052	0.0		0.0
20250514.054	0.0		0.0
20250514.055	0.0		0.0
20250514.056	0.0		0.0
20250514.057	0.0		0.0
20250514.058	0.0		0.0
20250514.071	0.0		0.0
20250514.072	0.0		0.0
20250514.076	0.0		0.0
20250514.077	0.0		0.0
20250514.078	0.0		0.0
20250514.080	0.0		0.0
20250514.082	0.0		0.0
20250514.083	0.0		0.0
20250520.008	1000		-500
20250520.010	1000		-500
20250304.089	0.0		0.0
20250304.086	0.0		0.0
T20260903.004	1000		-500
T20260903.005	1000		-500
20260903.023	1000		-500
20260903.024	1000		-500
20260903.025	1000		-500
T20260903.006	1000		-500
T20260903.007	1000		-500
20260909.026	0.0		0.0
20260909.033	0.0		0.0
20260915.012	0.0		0.0
20260915.013	0.0		0.0
20260915.016	0.0		0.0
20260915.019	0.0		0.0
20260915.021	1000		-500
20260915.018	1000		-500
20260915.024	1000		-500
20260915.028	1000		-500
20260915.026	1000		-500
20260915.025	1000		-500
20260915.023	1000		-500
20260915.022	1000		-500
20260915.029	0.0		0.0
20260915.020	1000		-500
20260915.038	0.0		0.0
20260915.039	0.0		0.0
20260915.040	0.0		0.0
20260915.036	0.0		0.0
20260915.046	0.0		0.0
20260915.027	1000		-500
20260915.047	0.0		0.0
20260915.048	0.0		0.0
20260915.049	0.0		0.0
20260915.051	0.0		0.0
20260915.055	0.0		0.0
20260915.054	0.0		0.0
20260915.058	0.0		0.0
20260915.059	0.0		0.0
20260915.061	0.0		0.0
20260915.031	0.0		0.0
20260922.015	0.0		0.0
20260922.016	0.0		0.0
20260915.033	0.0		0.0
20260922.017	0.0		0.0
20260922.018	0.0		0.0
20260922.019	0.0		0.0
20260915.034	0.0		0.0
20260922.030	0.0		0.0
20260915.035	0.0		0.0
20260922.033	0.0		0.0
20260922.034	0.0		0.0
20260922.035	0.0		0.0
20260915.037	0.0		0.0
20260915.041	0.0		0.0
20260915.042	0.0		0.0
20260915.052	0.0		0.0
20260915.053	0.0		0.0
20260915.056	0.0		0.0
20260922.008	1000		-500
20260922.009	1000		-500
20260922.011	1000		-500
20260922.014	1000		-500
20260922.027	0.0		0.0
20260923.003	1000		-500
20260923.004	1000		-500
20260922.036	0.0		0.0
T20260923.001	1000		-500
T20260923.002	1000		-500
T20260923.003	1000		-500
20260923.015	1000		-500
20260923.019	1000		-500
20260923.007	1000		-500
20260923.026	1000		-500
20260923.029	0.0		0.0
20260923.009	1000		-500
20260923.014	1000		-500
20260923.016	1000		-500
20260923.017	1000		-500
20260923.021	1000		-500
20260923.022	1000		-500
20260923.024	1000		-500
20260923.060	0.0		0.0
20260923.059	0.0		0.0
20260923.027	1000		-500
20260924.011	0.0		0.0
20260924.013	0.0		0.0
20260924.015	0.0		0.0
20260924.020	0.0		0.0
20260924.022	0.0		0.0
20260924.019	0.0		0.0
20260924.018	0.0		0.0
20260924.017	0.0		0.0
20260924.016	0.0		0.0
20260924.014	0.0		0.0
20260924.026	0.0		0.0
20260924.025	0.0		0.0
20260924.027	0.0		0.0
20260924.028	0.0		0.0
20260924.033	0.0		0.0
20260924.037	0.0		0.0
20260924.040	0.0		0.0
20260924.041	0.0		0.0
20260924.042	0.0		0.0
20260924.035	0.0		0.0
20260924.044	0.0		0.0
20260924.046	0.0		0.0
20260924.047	0.0		0.0
20260924.049	0.0		0.0
20260924.051	0.0		0.0
20260924.053	0.0		0.0
20260924.055	0.0		0.0
20260924.060	0.0		0.0
20260924.066	0.0		0.0
20260924.068	0.0		0.0
20260924.069	0.0		0.0
20260924.071	0.0		0.0
20260924.073	0.0		0.0
20260924.076	0.0		0.0
20260924.077	0.0		0.0
20260929.014	0.0		0.0
20260929.015	0.0		0.0
20260929.016	0.0		0.0
20260929.019	0.0		0.0
20260929.022	0.0		0.0
20260929.023	0.0		0.0
20260929.024	0.0		0.0
20260929.025	0.0		0.0
20260929.028	0.0		0.0
20260929.029	0.0		0.0
20260929.033	0.0		0.0
20260930.007	0.0		0.0
20260930.074	0.0		0.0
20260930.075	0.0		0.0
20260930.077	0.0		0.0
